74.54
75.44
93.05
80.78
79.86
79.86
80.59
87.94
93.99
99.08
87.94
87.94
81.28
82.64
81.28
106.24
94.64
106.24
80.34
80.34
80.34
81.51
69.45
69.45
74.31
74.77
68.3
81.49
100.0
81.49
80.34
74.31
80.34
80.34
80.34
80.34
99.54
98.62
98.62
93.3
93.76
93.3
92.82
92.82
92.82
80.3
80.3
80.3
68.09
79.65
68.09
80.32
79.4
79.4
107.58
107.58
74.77
86.77
85.43
86.77
81.22
81.22
81.22
85.2
85.68
85.2
80.57
85.2
99.75
98.83
98.83
98.39
85.43
93.72
85.43
125.46
119.91
119.45
81.24
81.24
81.24
104.63
92.57
92.57
87.52
74.1
86.6
76.61
76.61
76.61
75.23
87.73
75.23
92.57
81.22
87.25
87.25
94.41
94.41
74.33
81.26
81.26
74.35
73.41
73.41
111.77
111.77
111.77
87.04
87.04
87.04
87.04
87.27
99.98
79.4
79.4
79.4
