0.073998
0.072999
0.058999
0.073999
0.060001
0.073998
0.055997
0.057001
0.078001
0.078997
0.078
0.071999
0.062997
0.001001
0.0
0.059998
0.059997
0.057997
0.074999
0.079999
0.063
0.054
0.061
0.074998
0.056999
0.004004
0.001002
0.075998
0.000999
0.073
0.002
0.063997
0.078997
0.055001
0.078998
0.065999
0.069997
0.070999
0.079998
0.058195
0.000999
0.076
0.057997
0.067
0.060001
0.061999
0.062999
0.072998
0.002999
0.076999
0.057999
0.056
0.068
0.080997
0.000999
0.061997
0.074999
0.08
0.077999
0.056999
0.058
0.078
0.000999
0.064998
0.062
0.068
0.060001
0.061001
0.068997
0.070997
0.059998
0.061999
0.055999
0.063001
0.054999
0.058997
0.062997
0.077002
0.0
0.070997
0.061999
0.068999
0.057
0.067002
0.066001
0.069999
0.056999
0.058
0.057998
0.0
0.061999
0.072001
0.061999
0.061002
0.075997
0.064002
0.0
0.058999
