0.020998
0.021998
0.018998
0.018004
0.017998
0.018002
0.021999
0.021002
0.020999
0.022001
0.011001
0.012002
0.014001
0.011
0.012004
0.013998
0.015
0.011012
0.018
0.015996
0.028
0.028001
0.02
0.021
0.019799
0.009
0.009999
0.011002
0.009999
0.009998
0.010999
0.014
0.010999
0.014
0.011002
0.010004
0.003999
0.009001
0.004
0.011001
0.011999
0.011995
0.012002
0.011997
0.011997
0.010999
0.003
0.006999
0.004001
0.007002
0.013001
0.009001
0.012004
0.008998
0.014002
0.016999
14.654116
3.418523
0.003
0.011999
0.004999
0.011
0.031997
0.018998
0.011001
0.003
0.007
0.003999
0.006
0.016998
0.003999
0.017998
0.005002
0.009
0.014998
0.003002
0.003002
0.003003
0.015001
0.02
0.026
0.012
0.012
0.011998
0.024592
0.017999
0.013
0.007
0.003999
0.009004
0.013001
0.011002
0.012999
0.013
0.002999
0.007
0.012999
0.005
0.027
0.004999
0.026532
0.012
0.007
0.015998
0.011003
0.004
0.014313
0.003999
0.012855
0.029001
0.004999
0.010002
0.025
0.021
0.010001
0.007999
0.007
0.014999
0.014003
0.015928
0.016
0.015003
0.016001
0.016001
4.401979
0.004003
0.004001
0.007003
0.002999
0.007
0.007001
0.013
0.008997
0.012999
0.007002
0.008998
0.010001
0.007999
0.007002
0.016999
0.009924
0.007001
0.014999
0.01
0.002003
0.025002
0.031
0.008
0.008999
0.006997
0.017001
0.007
0.005998
0.005999
0.009998
0.038008
0.013001
0.024999
0.044002
0.010999
0.013997
0.012001
0.011999
0.014998
0.009999
0.013001
0.009998
0.012
0.010998
0.012
0.010002
0.011999
0.007999
0.01075
0.011998
0.012999
0.005
0.006467
0.004
0.002
0.003999
0.008998
0.017999
0.009999
0.016997
0.005002
0.011999
0.02
0.006001
0.021001
0.006999
0.010998
0.008998
0.029999
0.021998
0.015999
0.020998
0.015001
0.028
0.029007
0.017997
0.02
0.018998
0.028775
0.022
0.032001
0.022
0.032001
0.022002
0.03
0.025003
0.03178
0.025001
0.041001
0.033
0.019739
0.020004
0.017513
0.042002
0.034
0.067
0.033999
0.040998
0.021
0.031564
0.019999
0.032
0.016
0.022999
0.021
0.016
0.022001
0.019
0.015999
0.015001
0.019999
0.018
0.024
0.018003
0.029728
0.050514
0.056999
0.055
0.057999
0.047998
0.033
0.030009
0.026999
0.020001
0.024
0.022
0.028001
0.022
0.021
0.020999
0.033998
0.027998
0.024
0.02
0.033
0.025
0.025998
0.026999
0.020998
0.023
0.022
0.023982
0.030999
0.022998
0.027002
0.029997
0.026
0.029
0.03
0.043014
0.028583
0.024003
0.044
0.078999
0.029999
0.027
0.028
0.010997
0.018
0.012002
0.009586
0.004001
0.008001
0.017
0.006998
0.011999
0.009
0.006001
0.008997
0.01
0.005998
0.002996
0.013
0.017
0.008001
0.013001
0.009
0.008997
0.002998
0.010594
0.003
0.003
0.010999
0.002999
0.00981
0.003999
0.005003
0.004001
0.013
0.004
0.005
0.021999
0.012999
0.013
0.013999
0.031999
0.073998
0.031998
0.016001
0.023998
0.013998
0.013
0.014001
0.015
0.019997
0.014999
0.018005
0.039997
0.012001
0.014998
0.006
0.015001
0.005999
0.014
0.018999
0.015998
0.019999
0.012999
0.006999
0.037999
0.012718
0.031999
0.025506
0.019002
0.012999
0.027
0.018999
0.029001
0.021999
0.014999
0.007
0.004
0.011999
0.015997
0.011998
0.014
0.026001
0.016998
0.016998
0.036999
0.035
0.007532
0.026
0.008
0.026001
0.029999
0.015
0.025002
0.01533
0.021999
0.011001
0.014002
0.016001
0.017997
0.030998
0.017999
0.028564
0.007
0.018
0.017705
0.016999
0.025001
0.017001
0.009002
0.006999
0.009998
0.011
0.008
0.026001
0.012999
0.010999
0.007
0.011999
0.015998
0.015
0.007999
0.007
0.007996
0.010999
0.011001
0.025998
0.007999
0.023
0.014003
78.724744
137.58598
0.011001
0.018
0.006998
0.010002
0.00881
0.013001
0.008001
0.019999
0.010998
0.007999
0.027
0.018
0.006
0.011001
0.007
0.015001
0.012997
0.016001
0.010999
0.012002
0.008998
0.010003
0.009001
0.009998
0.015797
0.022001
0.011999
0.012003
0.01
0.010999
0.036001
0.018999
0.037996
0.014998
0.016003
0.008999
0.009998
0.012002
0.015999
0.020999
0.012999
0.011999
0.019
0.005001
0.010001
0.017
0.009
0.012001
0.019001
0.008999
0.020003
0.010996
0.026004
0.009001
0.019997
0.006999
0.024001
0.025
0.026999
0.038999
0.011999
0.010999
0.019002
0.019998
0.009999
0.010998
0.022
0.056999
0.011998
0.023
0.055998
0.013998
0.022997
0.032002
0.010003
0.024999
0.061998
0.010006
0.028001
0.015999
0.019001
0.027003
0.024
0.015001
0.024999
0.007997
0.095999
0.018001
0.008999
0.022
0.044999
0.008998
0.042999
0.080001
0.047
0.107001
0.032999
0.108999
0.019
0.055
0.067997
0.055
0.067999
0.055996
0.041995
0.067
0.040999
0.056999
0.067997
0.054998
0.041
0.069003
0.095004
0.023
0.045001
0.022001
0.095998
0.044002
0.023
0.034998
0.083001
0.034003
0.040002
0.034001
0.038001
0.083
0.04
0.097999
0.040999
0.099003
0.054999
0.098002
0.030001
0.141001
0.028999
0.042
0.128999
0.043999
0.041
0.087997
0.043
0.050003
0.100999
0.066
0.051001
0.090997
0.044002
0.055001
0.103001
0.055
0.037
0.028
0.039002
0.119999
0.03
0.119002
0.039001
0.036
0.023004
0.008001
0.019997
0.029001
0.026001
0.045
0.065006
0.034998
0.033002
0.023999
0.044001
0.020999
0.027002
0.021999
0.016999
0.028999
0.016999
0.016998
0.015002
0.037995
0.026001
0.030999
0.024998
0.141878
0.020999
0.015998
0.030999
0.041538
0.041003
0.009
0.015
0.012998
0.012002
0.022002
0.014002
0.014999
0.018999
0.009
0.006998
0.025995
0.045996
0.046001
0.082001
0.195
0.299002
0.237001
0.026999
0.011999
0.027999
0.059999
0.01
0.008997
0.022
0.013998
0.013001
0.013001
0.024
0.013001
0.025999
0.036
0.042
0.021001
0.043998
0.233082
0.029002
0.042
0.201939
0.030999
0.047999
0.096999
0.041002
0.045002
0.194998
0.020999
0.040763
0.078176
0.017999
0.044667
0.137998
0.037998
0.05
0.067998
0.041002
0.045
0.35855
0.034001
0.049001
0.081996
0.025
0.049997
0.127001
0.021
0.014002
0.034002
0.022001
0.014999
0.019001
0.012
0.026001
0.042
0.022
0.040998
0.034001
0.040998
0.017
0.032001
0.033999
0.036
0.043001
0.024998
0.053391
0.118999
0.018001
0.046994
0.100194
0.022997
0.046999
0.168999
0.043001
0.047999
0.128999
0.035999
0.043999
0.13513
0.042767
0.046
0.111997
0.027998
0.042998
0.071999
0.025001
0.045997
0.046835
0.056002
0.051998
0.084999
0.035998
0.047
0.113329
0.046999
0.056999
0.238926
0.014997
0.193876
0.042
0.053002
0.088001
0.033001
0.051
0.113
0.020001
0.044999
0.11
0.039
0.031001
0.050527
0.079
0.039002
0.054998
0.222
0.032
0.054998
0.131999
0.041
0.047999
0.035065
0.058999
0.024
0.045999
0.308998
0.008997
0.042
0.069001
0.025
0.045003
0.200529
0.022001
0.045001
0.078999
0.015999
0.059
0.058002
0.025
0.046997
0.102003
0.019002
0.043
0.125
0.020001
0.049
0.277999
0.025
0.051002
0.123999
0.04
0.046001
0.158999
0.020999
0.042
0.066
0.016001
0.016002
0.014
0.026001
0.007
0.03
0.021002
0.084003
0.047999
0.123997
0.057999
0.031002
0.058999
0.015999
0.232562
0.058003
0.027
0.055999
0.013
0.045001
0.019999
0.050001
0.015003
0.049997
0.032
0.088
0.051001
0.066993
0.039001
0.055995
0.121
0.044
0.033006
0.087999
0.046999
0.094999
0.052006
0.300294
0.021
0.048
0.019
0.094001
0.049001
0.029
0.088001
0.028
0.132763
0.057001
0.029001
0.058
0.042004
0.041998
0.169702
0.043999
0.029001
0.064998
0.016001
0.147036
0.047
0.019
0.037998
0.051001
0.198001
0.032999
0.262
0.03
0.084
0.045
0.037999
0.036
0.036001
0.196999
0.043002
0.031
0.029002
0.101007
0.018003
0.03
0.098475
0.045999
0.15162
0.015996
0.024002
0.012999
0.014002
0.008997
0.014998
0.012
0.031001
0.010598
0.025002
0.075999
0.059001
0.045001
0.024
0.016
0.057999
0.037999
0.175999
0.045
0.043
0.025001
0.018999
0.119999
0.044712
0.024
0.129001
0.048
0.027001
0.1533
0.045003
0.029554
0.045003
0.034859
0.059998
0.050999
0.030002
0.110997
0.042296
0.028999
0.140995
0.061
0.023001
0.019
0.102998
0.047999
0.092002
0.049002
0.037
0.092
0.043996
0.035001
0.165
0.133998
0.048
0.028
0.054999
0.041
0.037999
0.04
0.143
0.030001
0.076001
0.045001
0.049
0.102002
0.047001
0.020002
0.131861
0.043
0.025999
0.046
0.027001
0.107001
0.045
0.086001
0.053001
0.015998
0.048002
0.02463
0.051002
0.028
0.018999
0.044001
0.047002
0.033
0.099
0.043998
0.024998
0.075
0.069
0.048999
0.031998
0.063001
0.048
0.036
0.077
0.015
0.096
0.044001
0.065998
0.052
0.019002
0.143001
0.044
0.122001
0.048
0.026001
0.066
0.014
0.133
0.047998
0.031
0.044001
0.121746
0.054
0.045998
0.028999
0.134998
0.049997
0.03
0.107002
0.050001
0.074001
0.055999
0.023001
0.065001
0.049999
0.020998
0.071
0.045997
0.029001
0.071998
0.045
0.038001
0.179999
0.044999
0.032998
0.129003
0.049
0.033001
0.114998
0.042004
0.044998
0.023
0.073
0.041
0.027003
0.109003
0.078002
0.026999
0.099999
0.062002
0.199
0.048001
0.023999
0.043998
0.026003
0.119001
0.043001
0.033001
0.061001
0.031
0.660998
0.046
0.037
0.04698
0.058999
0.037999
0.152001
0.026999
0.051003
0.047
0.038
0.155998
0.029997
0.079
0.042998
0.026
0.042998
0.081999
0.045999
0.026003
0.073
0.041999
0.035
0.064001
0.042999
0.030002
0.105001
0.047003
0.016999
0.027997
0.117998
0.045999
0.030002
0.216605
0.048999
0.019001
0.113001
0.072001
0.025
0.088
0.045999
0.016
0.041999
0.081845
0.048
0.149555
0.049998
0.029484
0.130001
0.031001
0.179141
0.043002
0.026001
0.044999
0.063
0.041001
0.030002
0.119999
0.043
0.029
0.083001
0.023002
0.158005
0.046
0.036999
0.186533
0.038
0.108
0.047
0.016
0.122
0.049
0.035999
0.300999
0.034001
0.089001
0.051
0.028001
0.125
0.046001
0.039001
0.349014
0.042997
0.029999
0.184
0.046003
0.07581
0.046
0.038
0.065998
0.045001
0.025
0.040001
0.086001
0.050001
0.031999
0.047
0.160059
0.048
0.02
0.041001
0.024146
0.071996
0.022998
0.042
0.035
0.097
0.044003
0.017003
0.112999
0.047001
0.025999
0.183636
0.044
0.04
0.125
0.044998
0.037002
0.032999
0.135999
0.043001
0.035
0.277001
0.045003
0.026
0.171
0.044003
0.033
0.092
0.042999
0.031
0.069001
0.047001
0.036002
0.290002
0.048
0.037
0.093
0.045
0.104999
0.048001
0.040001
0.042
0.025999
0.08
0.044
0.026
0.110001
0.043002
0.124999
0.038998
0.032001
0.111
0.042998
0.034
0.049001
0.056
0.025001
0.071997
0.044
0.032
0.101999
0.029999
0.051
0.047999
0.055
0.033001
0.099001
0.046001
0.037
0.045001
0.019
0.107002
0.019999
0.106001
0.051999
0.029001
0.046001
0.331995
0.022996
0.117273
0.043
0.055001
0.049
0.041
0.232349
0.051002
0.145998
0.050934
0.020001
0.084001
0.048999
0.086999
0.048999
0.035804
0.046649
0.018
0.088005
0.053999
0.020997
0.111999
0.050001
0.028999
0.102998
0.045
0.04
0.268025
0.049001
0.018002
0.378916
0.034998
0.083999
0.051002
0.028001
0.037999
0.034999
0.094002
0.051
0.022
0.106997
0.033001
0.05
0.033998
0.051
0.037
0.079092
0.049632
0.027001
0.248008
0.052001
0.034
0.159001
0.047001
0.033
0.147999
0.046997
0.011999
0.417996
0.053
0.030001
0.112999
0.053001
0.036998
0.163999
0.052
0.042001
0.101997
0.051002
0.019999
0.033999
0.090999
0.047695
0.039999
0.117999
0.026002
0.136001
0.055001
0.037001
0.165001
0.046004
0.038003
0.087
0.046
0.160004
0.049001
0.023
0.044999
0.03
0.123
0.040001
0.083998
0.048999
0.028
0.106999
0.042001
0.052999
0.098999
0.049998
0.027
0.110001
0.046003
0.022001
0.129001
0.046001
0.146001
0.052
0.017003
0.360001
0.05
0.172002
0.043001
0.024
0.150002
0.052997
0.049
0.132
0.051001
0.028999
0.111999
0.038
0.104998
0.079998
0.051996
0.034998
0.141999
0.052999
0.036
0.147012
0.046007
0.035001
0.096
0.046001
0.038001
0.088001
0.050002
0.031005
0.051
0.021999
0.301232
0.051002
0.030002
0.042002
0.153998
0.021999
0.088001
0.049002
0.036
0.168339
0.056
0.037001
0.132999
0.044
0.044002
0.145999
0.05
0.110997
0.04981
0.014001
0.063001
0.051999
0.033001
0.096949
0.050002
0.016999
0.098
0.046162
0.028998
0.155001
0.043
0.036001
0.151001
0.051999
0.028907
0.025894
0.180902
0.052001
0.021999
0.105001
0.052
0.016
0.05
0.036999
0.178
0.049999
0.017999
0.109
0.028002
0.201
0.053
0.017761
0.051001
0.05
0.022998
0.107175
0.055998
0.030998
0.211999
0.05
0.027002
0.128033
0.047
0.028
0.105999
0.049002
0.040001
0.087
0.048999
0.043
0.070003
0.052
0.024001
0.067
0.051
0.05253
0.027
0.169999
0.048998
0.016999
0.103999
0.021
0.305857
0.047
0.019997
0.154
0.053998
0.041003
0.086999
0.051001
0.042
0.252
0.048996
0.037
0.122998
0.047998
0.040001
0.275493
0.052999
0.023002
0.109
0.037999
0.222998
0.05
0.075001
0.199
0.049
0.122
0.049
0.025998
0.079999
0.043998
0.064001
0.080003
0.052762
0.036001
0.094999
0.049
0.041999
0.603999
0.047999
0.220001
0.052999
0.033997
0.109612
0.053
0.042003
0.062999
0.048996
0.033001
0.127002
0.049999
0.019
0.255
0.016002
0.160997
0.049998
0.038
0.046994
0.038
0.198001
0.044998
0.020001
0.047998
0.128001
0.049999
0.031999
0.267998
0.048998
0.040999
0.150033
0.05
0.023999
0.107003
0.049001
0.024999
0.114001
0.05
0.027
0.131999
0.050002
0.041001
0.147
0.055
0.025998
0.100997
0.049
0.028
0.180999
0.058002
0.019619
0.088001
0.050042
0.043998
0.103
0.054
0.035003
0.116997
0.045998
0.028001
0.114998
0.049004
0.076997
0.048001
0.052999
0.120341
0.051999
0.024001
0.076
0.046002
0.086997
0.044001
0.020998
0.203015
0.046
0.048
0.115
0.042
0.169999
0.052998
0.043531
0.13
0.049001
0.101
0.366
0.051
0.016
0.017002
0.1
0.054999
0.084
0.047999
0.032002
0.134602
0.051998
0.030001
0.083
0.048006
0.018
0.075998
0.050001
0.030002
0.153713
0.037
0.088516
0.048001
0.021999
0.128
0.049015
0.037999
0.050001
0.022
0.117
0.049
0.039001
0.076387
0.047
0.038284
0.203998
0.042768
0.023001
0.244104
0.052997
0.030998
0.135997
0.051002
0.040999
0.092
0.049674
0.029001
0.156127
0.054001
0.017999
0.078002
0.047
0.014997
0.104
0.047
0.027
0.239997
0.048998
0.033999
0.166998
0.046
0.02501
0.108
0.047997
0.038999
0.068
0.051999
0.018
0.217274
0.050999
0.025002
0.082001
0.046998
0.03
0.079997
0.050001
0.053
0.027002
0.132001
0.032996
0.499661
0.046996
0.041002
0.378213
0.047
0.022999
0.127001
0.043002
0.099999
0.053
0.02
0.136737
0.041
0.1
0.017997
0.153999
0.049001
0.024999
0.114998
0.049999
0.043
0.163643
0.041998
0.384411
0.050003
0.038
0.176999
0.468987
0.050998
0.029999
0.535729
0.049999
0.112997
0.052997
0.021001
0.101004
0.05
0.028999
0.071001
0.050996
0.02
0.086
0.05
0.015001
0.05
0.019002
0.039998
0.132
0.045999
0.017999
0.048999
0.035
0.526257
0.050998
0.038997
0.053001
0.13
0.049999
0.016003
0.137
0.053777
0.124
0.048001
0.033003
0.014963
0.051607
0.095996
0.050003
0.050996
0.108996
0.048001
0.15
0.049999
0.029997
0.211904
0.054001
0.036003
0.129999
0.049996
0.034
0.188
0.051999
0.024
0.142999
0.046001
0.036
0.037999
0.14455
0.050999
0.023998
0.147649
0.039999
0.104
0.053604
0.034001
0.117
0.051
0.030001
0.171998
0.054003
0.030996
0.082001
0.050547
0.033001
0.091002
0.055999
0.130999
0.046998
0.035998
0.079001
0.048
0.045999
0.093
0.049998
0.037
0.093998
0.050001
0.023999
0.066
0.047997
0.094
0.031999
0.158767
0.050999
0.032999
0.072001
0.047999
0.036
0.051002
0.038001
0.078998
0.048013
0.051001
0.246
0.054
0.041
0.116
0.050001
0.050002
0.114002
0.049999
0.032
0.155013
0.051
0.044
0.08
0.044001
0.050001
0.025001
0.112
0.050002
0.096
0.047998
0.014
0.190999
0.048
0.025999
0.098001
0.045
0.039999
0.082999
0.043997
0.015997
0.015002
0.051133
0.038996
0.085
0.049999
0.038001
0.073001
0.050001
0.016
0.166821
0.055003
0.035001
0.063
0.053001
0.024
0.097998
0.052
0.032
0.105
0.048002
0.016003
0.093054
0.05
0.020999
0.129
0.047001
0.024998
0.092997
0.047001
0.039996
0.068
0.054001
0.031
0.135408
0.050999
0.032999
0.071004
0.052
0.013999
0.037002
0.237997
0.050999
0.042001
0.117
0.036001
0.093999
0.052
0.014001
0.273182
0.049
0.053001
0.29695
0.048999
0.036001
0.114999
0.048999
0.038003
0.251006
0.050996
0.026003
0.200561
0.048
0.037
0.050999
0.019998
0.396924
0.021002
0.055002
0.109
0.045002
0.061001
0.103002
0.052002
0.026002
0.105999
0.075001
0.029
0.054998
0.035
0.244549
0.051582
0.029999
0.112998
0.049998
0.039001
0.095997
0.045002
0.024002
0.370001
0.046998
0.019002
0.151522
0.049998
0.029
0.104001
0.030997
0.042999
0.157997
0.036
0.042001
0.023001
0.032
0.066
0.064
0.029
0.231997
0.040002
0.014
0.074
0.015997
0.096001
0.039999
0.037999
0.025001
0.059001
0.032
0.082
0.031
0.085999
0.042
0.022002
0.025999
0.042
0.025
0.176
0.038999
0.038001
0.031999
0.043001
0.082003
0.031
0.038997
0.026001
0.085
0.029999
0.039001
0.069998
0.041998
0.028003
0.081
0.035
0.023
0.038
0.035001
0.074999
0.027002
0.045999
0.041997
0.025
0.101001
0.070676
0.071
0.033001
0.039004
0.028001
0.039999
0.068518
0.025
0.150999
0.039999
0.076482
0.035
0.037001
0.043999
0.034
0.026001
0.02
0.046001
0.025999
0.058
0.038
0.025999
0.053
0.038998
0.024004
0.022999
0.040001
0.067999
0.040001
0.039
0.057
0.039999
0.026999
0.300326
0.042997
0.034
0.014998
0.040002
0.048682
0.039997
0.018
0.021001
0.122004
0.040999
0.038
0.045003
0.098001
0.042
0.043001
0.042
0.190999
0.090001
0.045
0.098307
0.038
0.088001
0.205004
0.095002
0.077999
0.320001
0.037999
0.077002
0.051999
0.038002
0.139002
0.04652
0.092
0.046999
0.046999
0.093
0.050003
0.032003
0.128
0.048997
0.020999
0.129998
0.048001
0.041
0.231004
0.015003
0.035995
0.017999
0.090999
0.056998
0.021
0.122996
0.045003
0.022
0.125002
0.05
0.03503
0.064
0.052
0.039
0.107
0.049999
0.02
0.154998
0.049
0.030001
0.106002
0.043998
0.019999
0.097001
0.044493
0.030002
0.142999
0.041
0.143
0.048391
0.038
0.238005
0.050998
0.029999
0.121996
0.046001
0.017999
0.130003
0.052999
0.036001
0.145843
0.031
0.055883
0.020999
0.224272
0.040999
0.038377
0.154994
0.052
0.039002
0.092999
0.047
0.042001
0.117
0.051
0.034001
0.04956
0.050999
0.020007
0.091002
0.053999
0.022999
0.141002
0.047999
0.031001
0.093
0.053002
0.036
0.142999
0.027002
0.123345
0.046
0.053
0.02749
0.069
0.042002
0.024999
0.073
0.042999
0.026
0.082999
0.037999
0.017
0.057
0.026003
0.065
0.039002
0.019
0.096999
0.039
0.209
0.043
0.158001
0.037001
0.041999
0.135999
0.041
0.022481
0.079816
0.042998
0.020998
0.070997
0.039999
0.037995
0.081008
0.028002
0.079996
0.038
0.034561
0.072
0.039997
0.044
0.090998
0.043001
0.028002
0.070502
0.04
0.029997
0.040001
0.026001
0.077001
0.037997
0.032001
0.066997
0.044002
0.020001
0.050002
0.162001
0.028
0.037997
0.042
0.029001
0.071998
0.037999
0.023
0.054998
0.041002
0.028001
0.035997
0.047002
0.015999
0.039001
0.031002
0.056
0.039001
0.021
0.055999
0.047003
0.016002
0.046
0.04
0.029
0.074
0.023001
0.050002
0.041
0.014001
0.038
0.036999
0.024
0.052999
0.043
0.036999
0.055
0.040002
0.024998
0.195999
0.021996
0.063001
0.043999
0.040999
0.092
0.042001
0.017999
0.090002
0.041998
0.026999
0.067
0.039001
0.024
0.074996
0.039
0.025001
0.138001
0.024003
0.123
0.038
0.032
0.172002
0.040001
0.042001
0.071001
0.048
0.028001
0.077
0.021998
0.091999
0.044003
0.097999
0.041
0.024151
0.078999
0.037999
0.111999
0.023
0.042
0.012
0.081014
0.042001
0.011
0.054001
0.037002
0.027751
0.056997
0.045003
0.021
0.061001
0.040001
0.028999
0.121999
0.024
0.054998
0.035998
0.063002
0.041005
0.035002
0.108996
0.042999
0.038666
0.065998
0.017998
0.071998
0.044002
0.031534
0.134997
0.020001
0.089999
0.043002
0.034001
0.178
0.037
0.021001
0.025003
0.18926
0.034001
0.033002
0.216996
0.043997
0.045
0.13
0.038004
0.048005
0.039999
0.032999
0.106997
0.044
0.040999
0.031001
0.157
0.045
0.022997
0.084
0.039
0.030999
0.066998
0.039999
0.014
0.055
0.105
0.036998
0.014001
0.072
0.040001
0.288667
0.134999
0.039
0.119998
0.044998
0.026999
0.079999
0.024
0.117134
0.039001
0.023001
0.083
0.042999
0.066998
0.020002
0.088997
0.037001
0.018
0.051998
0.038999
0.020999
0.048001
0.046
0.032999
0.037001
0.034001
0.129001
0.024
0.075998
0.040999
0.041998
0.206
0.045999
0.02
0.115001
0.040999
0.036001
0.082997
0.036997
0.017999
0.056999
0.022
0.089
0.055
0.141999
0.048998
0.040001
0.880285
0.052
0.046
0.245998
0.054997
0.052525
0.586663
0.038998
0.883182
0.052003
0.043999
0.158162
0.057001
0.040001
0.88571
0.053001
0.042001
0.323002
0.055
0.056001
0.142999
0.053999
0.046
0.245826
0.053998
0.044001
0.158997
0.055999
0.055001
0.391152
0.056001
0.057997
0.393151
0.051
0.055001
0.142999
0.055
0.033999
0.145
0.04
0.148002
0.047
0.315997
0.055999
0.035999
0.177
0.058
0.027001
0.313006
0.054997
0.055
0.144001
0.048997
0.042001
0.128001
0.055003
0.393
0.056998
0.033999
0.144999
0.041045
0.887972
0.052999
0.033001
0.164
0.062995
0.055002
0.143999
0.055
0.037001
0.177999
0.058001
0.039
0.898176
0.051999
0.036001
0.172001
0.058998
0.036999
0.180999
0.056999
0.046002
0.252998
0.053001
0.033001
0.164001
0.059999
0.042
0.127
0.040001
0.910031
0.052
0.059001
0.39806
0.052001
0.031
0.108
0.058002
0.042999
0.156
0.057998
0.034002
0.144997
0.030998
0.163
0.059
0.054
0.39188
0.057
0.034002
0.144002
0.042001
0.883008
0.052
0.055001
0.140001
0.052999
0.021999
0.087995
0.051998
0.582275
0.035998
0.145
0.054
0.038001
0.178001
0.058002
0.056
0.14217
0.053998
0.053004
0.5908
0.055
0.392249
0.056999
0.017002
0.125002
0.057
0.041001
0.884022
0.051998
0.032004
0.164002
0.058998
0.053998
0.144003
0.05
0.055999
0.394998
0.055
0.053001
0.592556
0.023
0.22128
0.057
0.022
0.089999
0.044002
0.164001
0.057
0.031
0.109002
0.059
0.055999
0.142999
0.053
0.017
0.124001
0.056998
0.053
0.589424
0.034
0.042
0.233
0.053001
0.056
0.395001
0.057
0.027004
0.313542
0.056
0.039001
0.89686
0.053748
0.016998
0.111001
0.055999
0.037
0.175002
0.057
0.058001
0.395012
0.018001
0.042001
0.033001
0.014998
0.016
0.03
0.063999
0.017001
0.021998
0.020998
0.042003
0.029002
0.021999
0.059001
0.028999
0.022999
0.079
0.032002
0.022
0.246
0.032001
0.015003
0.050998
0.028002
0.020999
0.017
0.041001
0.03
0.04
0.023999
0.021996
0.102998
0.027998
0.019963
0.032999
0.016
0.030001
0.025999
0.050999
0.029
0.009
0.011001
0.011001
0.016001
0.043
0.027001
0.024999
0.046999
0.029001
0.024
0.090433
0.031002
0.031
0.045999
0.016003
0.031999
0.032
0.016996
0.038002
0.038
0.011001
0.025997
0.028001
0.02
0.044
0.030001
0.026003
0.087001
0.029
0.024473
0.064
0.029002
0.015004
0.045998
0.019
0.017
0.047001
0.027998
0.019
0.078001
0.024999
0.068001
0.036002
0.020002
0.047
0.031
0.014001
0.078
0.028515
0.013002
0.02
0.026
0.035
0.066001
0.035
0.020001
0.073001
0.033002
0.026999
0.089997
0.035
0.016997
0.040999
0.027004
0.011
0.031999
0.028
0.034001
0.017999
0.012
0.044002
0.026002
0.045005
0.036
0.016002
0.041002
0.027001
0.011001
0.027999
0.016998
0.017
0.063
0.028001
0.010999
0.05
0.03
0.055001
0.034999
0.012
0.065
0.02
0.048005
0.011997
0.023
0.023
0.019
0.014
0.045005
0.026
0.026863
0.019
0.065002
0.029999
0.026002
0.034001
0.032001
0.088001
0.036002
0.014
0.029
0.024999
0.224999
0.013
0.049005
0.020999
0.083997
0.022001
0.076001
0.025999
0.022999
0.039999
0.029998
0.013
0.022001
0.021003
0.019
0.069999
0.030999
0.021
0.026998
0.043
0.030998
0.024999
0.055003
0.015003
0.032002
0.03
0.070999
0.030998
0.009001
0.036
0.024002
0.043998
0.034999
0.012001
0.047999
0.031
0.079
0.019999
0.06
0.033998
0.015
0.056001
0.022999
0.018995
0.018001
0.026
0.028005
0.17
0.013
0.036998
0.032003
0.169324
0.016002
0.029999
0.01723
0.028998
0.031001
0.159999
0.028
0.032997
0.047
0.035001
0.048013
0.014002
0.040993
0.032001
0.022998
0.06
0.032002
0.022001
0.082
0.034
0.018
0.033001
0.030001
0.017
0.039001
0.032
0.024001
0.018002
0.027001
0.012002
0.021001
0.027
