0
0
0
0
0
0
0
0
0
0
0
0
35
0
0
0
0
0
0
0
0
0
0
0
0
0
0
0
0
0
0
0
0
0
0
0
0
0
0
0
0
0
36
32
36
32
36
32
36
36
32
36
37
0
0
0
0
32
31
37
39
39
34
39
39
36
36
37
37
37
0
36
44
39
41
37
33
37
33
37
0
0
0
0
36
36
0
32
32
41
0
0
41
38
36
41
0
0
35
0
0
41
32
41
0
37
37
37
0
32
0
0
36
36
36
33
0
33
36
36
36
36
39
36
35
0
0
40
36
36
0
39
39
36
0
37
36
36
36
36
0
37
36
32
32
32
36
32
37
37
36
32
34
0
0
0
36
32
32
0
31
31
32
32
32
32
0
0
0
32
36
0
33
32
0
0
0
41
32
0
0
0
0
37
34
0
33
0
35
38
0
36
0
0
37
0
36
0
0
0
0
44
0
0
0
57
57
57
0
0
0
40
38
57
51
38
0
39
0
38
0
0
0
0
38
35
0
0
35
38
38
38
0
0
45
0
0
50
0
0
50
0
0
0
0
0
0
0
0
0
0
0
0
0
0
0
0
0
0
0
0
0
0
0
0
0
0
0
0
40
0
0
0
0
0
0
0
44
0
35
35
57
0
0
0
31
31
39
31
34
32
42
32
0
32
32
32
32
32
32
32
32
32
32
40
32
40
40
0
32
36
54
0
0
0
58
0
0
0
40
0
0
42
0
44
44
54
54
44
0
44
0
37
33
0
33
57
37
57
36
35
36
32
0
38
36
0
0
0
0
37
37
37
37
37
0
0
37
37
37
37
37
37
37
37
37
37
37
0
0
42
0
40
0
0
33
0
32
0
37
0
32
36
39
36
0
33
40
39
39
0
0
0
0
0
0
0
0
0
0
0
0
0
0
0
0
0
0
0
0
0
0
0
0
0
0
0
0
0
0
0
0
0
0
0
0
0
0
0
0
0
0
0
0
0
0
0
0
0
0
36
38
36
38
37
40
33
37
32
38
33
33
37
38
35
40
35
35
0
33
36
38
0
40
37
0
38
36
35
34
35
0
31
35
38
35
0
39
39
36
36
35
36
40
39
40
0
0
0
37
0
0
33
0
44
40
0
34
31
43
34
31
31
39
0
0
38
35
35
36
0
0
39
36
37
36
38
40
35
0
39
42
41
0
37
38
35
38
32
32
38
0
0
41
40
0
0
0
38
39
41
0
34
34
34
34
34
40
34
34
34
35
39
32
0
38
37
36
37
39
0
36
0
0
0
0
41
41
0
0
0
0
0
40
40
33
33
33
33
37
33
38
38
38
36
38
0
33
0
37
35
35
35
35
0
0
39
39
33
33
38
38
38
33
31
33
31
33
31
33
0
35
37
35
39
32
36
32
36
32
35
38
36
38
36
38
32
38
32
38
32
38
32
38
36
36
36
35
41
35
41
35
41
35
41
34
32
34
35
33
35
33
35
40
40
32
40
32
40
33
33
40
40
40
32
40
32
35
36
32
36
32
36
32
37
42
32
42
32
42
0
0
33
35
33
37
32
37
0
0
0
41
0
41
0
50
36
50
36
36
47
39
47
40
0
39
31
39
31
36
32
36
38
36
38
36
38
38
36
38
0
36
36
36
36
36
38
36
38
36
38
0
0
32
32
32
32
32
33
33
33
0
41
33
41
0
0
41
31
32
39
33
39
0
0
41
0
0
0
38
32
38
37
0
0
0
0
0
0
42
38
42
38
42
38
42
38
0
39
33
39
33
39
33
33
33
33
33
35
37
35
37
37
37
37
37
38
0
0
33
37
33
37
33
37
33
37
0
0
41
37
37
31
37
31
31
35
31
41
37
35
37
35
35
35
35
37
37
37
37
51
51
41
37
35
35
83
33
33
33
35
37
33
33
