0
9.0
0
8.0
8.5
10.5
8.5
0
8.0
9.5
7.5
7.5
0
0
0
0
0
0
0
0
0
0
0
0
0
0
0
0
0
0
0
0
0
0
0
0
0
0
0
0
0
0
0
0
0
0
0
0
0
0
0
0
0
0
0
0
0
0
0
0
0
0
9.5
9.5
9.0
9.5
9.5
8.0
8.0
8.5
8.0
9.5
8.0
9.0
9.5
9.0
7.5
8.5
7.0
10.5
0
8.0
9.5
8.5
0
8.5
8.5
0
9.0
7.5
9.5
8.5
7.0
0
8.5
8.0
8.0
9.0
0
10.5
8.0
7.5
8.5
8.0
9.0
9.0
9.5
8.5
0
0
0
9.5
0
0
10.0
0
9.5
8.5
0
8.5
8.0
9.0
9.0
8.5
8.5
8.5
0
0
8.5
8.5
7.5
8.5
0
0
8.5
9.0
8.5
8.5
9.5
8.5
8.5
0
9.5
8.5
9.5
0
9.5
8.5
8.5
8.5
8.5
8.0
9.5
0
0
9.5
9.5
0
0
0
9.0
10.5
8.0
0
8.5
8.5
8.5
8.5
8.5
8.5
8.5
8.5
8.5
8.5
8.5
7.5
0
9.5
8.5
8.5
9.5
9.5
0
8.5
0
0
0
0
9.0
9.0
0
0
0
0
0
9.5
9.5
10.0
10.0
10.0
10.0
11.0
10.0
9.5
9.5
9.5
9.5
9.5
0
9.0
0
9.5
9.5
9.5
8.5
9.5
0
0
11.0
11.0
9.5
9.5
9.5
9.5
9.5
6.0
7.0
6.0
7.0
6.0
7.0
6.0
0
10.5
9.5
9.5
10.5
7.5
8.5
7.5
8.5
6.5
6.0
9.5
11.5
9.5
11.5
8.5
7.5
8.5
7.5
8.5
7.0
8.5
7.0
8.5
7.0
8.5
7.0
10.0
9.5
10.0
9.5
10.0
9.5
10.0
9.5
8.5
8.5
8.5
9.0
10.0
9.0
10.0
9.0
8.5
8.5
8.5
8.5
8.5
8.5
8.0
8.0
8.5
8.5
8.5
8.5
8.5
8.5
10.0
10.0
10.0
10.0
10.0
10.0
10.0
10.5
9.5
7.0
9.5
7.0
9.5
9.5
9.5
8.5
8.0
8.5
8.0
8.5
8.0
0
0
0
8.5
8.5
8.5
0
11.5
9.5
11.5
9.5
10.5
9.0
10.5
9.0
10.5
0
9.0
8.5
9.0
8.5
8.5
8.5
8.5
8.5
10.5
8.5
10.5
8.5
11.5
9.5
11.5
0
8.5
8.5
8.5
8.5
8.5
9.0
8.0
9.0
8.0
9.0
0
0
7.5
8.5
7.5
8.5
7.5
8.0
8.0
8.0
0
8.5
10.0
8.5
0
0
9.5
8.5
9.0
10.5
10.0
10.5
0
0
9.5
0
0
0
10.5
8.5
10.5
9.5
0
0
0
0
0
0
10.0
12.5
10.0
12.5
10.0
12.5
10.0
12.5
0
10.5
10.0
10.5
10.0
10.5
10.0
10.0
10.0
10.0
10.0
8.5
8.5
8.5
8.0
8.0
8.0
8.0
8.0
9.5
9.5
9.5
10.0
12.0
10.0
12.0
10.0
12.0
10.0
12.0
0
0
10.0
9.5
9.5
8.5
9.5
8.5
8.5
9.0
8.5
10.0
9.5
9.0
9.5
9.0
9.0
9.0
9.0
9.5
9.5
9.5
9.5
11.0
11.0
9.5
9.5
9.0
9.0
20.5
8.0
10.0
8.0
9.5
13.0
8.0
8.0
