0.002003
0.002999
0.002021
0.00205
0.001999
0.001999
0.003001
0.001998
0.001999
0.001999
0.000999
0.002005
0.002004
0.001001
0.003001
0.001998
0.002001
0.002
0.001998
0.002
0.002
0.004001
0.001999
0.003003
0.003
0.002997
0.003997
0.002998
0.003001
0.002001
0.003
0.002999
0.003
0.003001
0.002
0.003002
0.002001
0.002997
0.002999
0.001999
0.002998
0.03
0.002999
0.003
0.002995
0.004
0.002999
0.002
0.003999
0.003
0.003999
0.003002
0.002998
0.002999
0.002
0.002998
0.002999
0.002
0.003999
0.005999
0.003999
0.003
0.003
0.003003
0.002999
0.002999
0.003001
0.003
0.004
0.003
0.003002
0.002999
0.002999
0.002998
0.001999
0.002998
0.002999
0.004
0.001999
0.003001
0.012999
0.002001
0.002997
0.004003
0.003002
0.003002
0.004
0.002997
0.004004
0.003
0.003003
0.002002
0.003
0.002999
0.002997
0.003
0.004003
0.004003
0.001998
0.003003
0.045002
0.001999
0.003
0.001999
0.003
0.003001
0.003
0.002
0.003
0.73169
1.295535
1.040999
1.338999
1.057528
0.716999
1.063998
0.894
1.100003
0.915061
0.846997
0.926999
0.851249
0.932612
0.915001
0.706553
0.668483
1.230272
1.224176
0.966119
1.268183
1.338833
1.427158
0.839656
0.954812
1.322574
0.770418
1.281191
0.812312
0.979
1.259058
0.919848
1.417916
1.097459
1.407152
0.903874
1.136742
0.853182
0.820884
0.712363
0.778008
0.715774
0.693004
0.772249
0.758473
0.703181
0.775799
0.669553
0.957364
1.324494
0.804951
0.873765
1.323762
1.223645
0.94737
0.948231
0.999042
0.802519
0.946163
0.809024
0.800073
0.904335
0.89619
0.808069
0.897617
1.478365
0.999929
0.947125
0.971484
1.14588
0.769355
1.182694
0.907812
1.03829
0.943051
1.037348
0.87629
1.258801
1.25791
1.129705
1.029531
1.039619
1.306867
0.687781
1.148905
0.704084
1.0769
1.133092
1.174976
1.080352
1.093334
1.124279
1.223538
1.139977
0.997369
1.129903
1.298254
1.003767
0.829
1.194118
0.891409
0.967285
1.066872
0.952977
1.052012
0.976784
0.886236
0.829477
0.994252
1.241491
0.970276
1.034248
0.794156
1.052444
0.983889
0.847466
0.660985
0.668786
1.153175
1.039218
0.818608
0.680811
0.770191
0.811149
1.032259
0.994913
0.989103
0.841211
1.002454
0.966059
0.976411
1.029133
0.884243
0.958981
0.498902
0.975242
0.665185
0.701119
0.577446
0.961081
0.562178
0.672205
0.942451
0.525111
0.937519
0.595469
0.976242
0.516288
0.943673
0.506003
0.941543
0.521545
0.505232
0.545997
0.958058
0.52232
0.92831
0.942801
0.768314
0.734037
0.761349
0.733859
0.851336
0.822008
0.87435
0.854345
1.183449
0.811176
0.796846
0.995947
0.805171
1.038252
1.085989
0.854022
0.720962
0.798535
0.711684
0.91032
0.668115
1.159146
1.187541
1.107227
1.138495
1.125279
1.065885
1.076619
1.072814
1.054228
1.129237
1.114218
1.133702
1.181791
0.795486
0.844957
0.875747
0.795434
0.787251
0.873399
0.714178
0.707593
0.002079
0.001
0.001999
0.001999
0.002
0.002999
0.002999
0.002393
0.003001
0.002996
0.002
0.002998
0.002001
0.002002
1.12969
0.003018
0.003
0.003
0.00384
0.002997
0.002998
0.004543
0.004001
0.002998
0.003004
0.005
0.004001
0.003999
0.004001
0.004
1.063928
1.065064
1.066107
1.061257
1.081953
1.85096
1.125415
0.982124
1.111192
1.071656
1.087966
0.701836
1.089686
1.098389
0.661518
0.631152
0.649181
0.63111
0.83085
0.81221
0.831353
0.653786
0.656052
0.654051
